5
8

125 122 71 84 103 

163 130 187 97 69
206 54 64 108 128
233 62 177 73 115
93 148 90 70 245
88 131 85 121 144
184 148 168 158 182
74 71 63 211 71
234 119 227 248 177
0 105 183 142 232 159 207 227
209 0 199 200 204 190 233 191
213 127 0 78 63 198 186 196
222 207 161 0 183 180 145 53
157 96 132 164 0 181 224 99
90 133 76 202 235 0 178 156
127 162 50 90 191 78 0 103
139 214 201 111 123 112 197 0
0 54 160 152 113 206 234 228
137 0 161 229 130 196 207 82
133 136 0 140 210 248 140 202
189 168 208 0 79 84 159 92
158 174 239 162 0 84 141 177
240 78 155 79 141 0 86 111
239 244 143 123 130 186 0 83
80 228 188 171 147 146 152 0
0 181 207 195 241 131 184 153
165 0 228 81 107 208 138 89
99 127 0 150 88 121 196 113
153 84 99 0 135 62 237 56
111 85 159 195 0 242 56 186
124 142 242 191 120 0 73 201
230 113 240 79 142 92 0 70
213 238 85 68 72 134 153 0
0 237 73 112 98 108 221 243
53 0 179 132 79 71 124 220
142 99 0 171 74 114 113 56
207 156 76 0 170 144 63 141
119 148 244 106 0 171 58 106
182 181 52 185 110 0 134 214
132 208 136 176 209 58 0 200
73 121 206 230 227 184 103 0
0 74 198 194 95 248 140 103
169 0 149 159 53 232 113 188
93 197 0 152 175 107 239 53
218 199 203 0 242 222 112 174
152 246 227 128 0 146 123 173
144 214 226 216 65 0 87 219
247 151 110 242 50 164 0 167
60 105 122 228 54 76 220 0
179 138 145 81 86 74 111 183
148 234 229 64 162 195 231 199

191250