3
50

85 127 141 

99 129 141
88 65 141
138 139 139
138 76 89
140 115 109
97 121 131
129 84 105
147 120 137
92 83 127
54 73 149
72 99 128
135 56 107
140 107 59
137 109 133
86 92 98
75 105 120
145 75 76
77 105 111
107 91 50
111 113 123
93 91 64
124 118 56
82 149 54
143 60 91
107 141 89
142 100 110
116 121 80
120 98 115
61 90 69
137 71 145
75 148 128
145 106 52
91 136 52
66 137 118
129 102 115
89 63 102
51 101 77
133 119 138
58 115 110
125 93 51
117 91 102
94 105 53
76 130 95
69 58 93
96 135 60
109 112 100
106 94 143
125 135 141
82 61 87
121 99 50
0 26 32 32 22 31 24 24 33 28 33 32 22 18 21 23 21 33 34 19 23 24 33 33 20 27 32 24 24 19 28 27 26 19 17 31 29 23 19 19 26 30 30 19 17 30 21 17 21 23
24 0 28 33 25 18 17 18 27 20 34 18 27 25 18 33 26 30 31 30 30 18 33 26 33 17 22 18 31 32 28 23 30 22 26 25 26 18 26 28 25 23 30 28 20 27 31 20 22 23
26 17 0 24 27 30 18 30 33 18 31 17 19 29 22 22 20 20 30 30 31 20 31 18 21 33 34 18 19 19 23 33 33 22 19 28 22 27 31 25 27 19 31 24 27 29 29 34 31 33
31 19 28 0 32 29 32 18 22 21 21 23 17 21 18 20 30 18 20 27 32 28 31 34 31 32 19 23 29 33 26 25 34 21 23 30 30 32 34 18 21 22 18 18 17 29 27 26 33 27
21 19 23 32 0 28 17 29 32 24 17 23 21 18 32 19 28 19 23 32 17 30 32 18 21 30 22 34 19 34 23 20 19 32 31 33 23 17 20 22 26 30 24 26 17 22 33 31 30 19
17 24 34 23 19 0 19 22 28 26 27 31 23 30 20 22 22 31 19 31 26 30 17 17 33 31 20 22 30 20 17 21 19 25 18 26 27 20 28 22 17 31 22 27 19 19 18 26 32 32
25 18 29 21 29 29 0 21 26 24 30 29 31 29 19 25 30 28 21 20 32 30 25 29 23 29 32 23 24 18 25 32 33 22 23 32 30 33 27 18 21 31 27 24 33 24 23 24 18 17
23 19 22 25 30 33 24 0 31 28 22 22 18 26 31 20 31 20 22 21 18 31 30 19 18 29 32 33 19 32 25 28 20 28 23 29 20 22 33 20 32 18 33 18 28 33 17 32 21 25
21 25 33 33 27 18 28 29 0 28 21 24 23 33 18 31 24 30 33 23 27 23 22 21 20 19 30 24 33 22 30 25 26 28 23 28 20 20 32 18 21 32 21 30 28 32 31 30 34 33
27 24 17 29 18 27 28 28 21 0 24 21 18 31 30 28 30 26 27 31 18 21 20 21 29 23 19 27 22 31 33 22 21 22 18 26 33 25 26 17 32 24 30 32 23 18 31 32 26 26
29 18 23 22 27 22 31 31 34 26 0 21 26 26 29 30 19 24 25 25 22 18 21 21 32 32 32 27 25 32 20 24 29 18 19 17 18 30 20 22 33 19 27 31 20 23 19 32 23 17
29 21 18 27 23 26 30 25 31 20 26 0 26 19 22 25 29 23 33 29 31 27 30 24 22 18 31 20 26 24 30 30 23 33 23 18 24 20 31 28 20 33 24 31 19 20 34 21 29 32
31 22 34 19 28 21 30 28 30 33 23 19 0 26 22 25 28 27 28 30 31 18 18 22 19 19 31 19 28 25 21 21 24 27 29 22 31 32 25 17 31 27 30 24 17 18 22 19 29 25
27 30 32 31 33 28 29 29 32 19 22 17 24 0 25 18 30 28 21 27 28 27 17 26 17 18 33 27 29 28 24 28 24 22 21 19 20 27 33 32 19 33 25 21 32 17 19 32 29 22
32 33 25 30 28 26 25 33 27 19 30 19 33 18 0 17 24 20 29 17 24 20 31 31 30 18 28 34 22 27 19 19 32 21 20 29 27 33 22 22 32 22 28 25 25 31 20 33 23 30
32 24 32 24 30 20 32 24 20 32 21 22 21 31 24 0 32 28 33 21 25 25 19 26 22 21 19 21 18 32 33 29 26 32 26 21 30 29 28 31 27 23 21 28 18 32 18 21 28 22
33 22 18 21 23 23 28 32 25 17 23 31 27 20 18 22 0 22 21 29 29 31 23 19 26 19 29 19 33 26 17 30 22 31 28 22 26 21 29 29 20 26 33 33 29 22 24 18 19 33
22 22 25 22 20 29 26 17 27 18 24 34 29 23 27 20 29 0 17 26 29 28 23 24 21 26 30 18 27 28 22 18 20 29 21 31 34 28 33 20 28 21 19 32 21 23 30 28 32 28
25 31 20 20 28 18 30 29 17 20 20 31 30 28 21 24 29 32 0 25 34 32 31 26 25 29 30 18 20 24 21 31 29 18 17 31 18 29 22 31 33 26 18 22 28 32 20 26 26 27
17 33 26 26 30 19 26 22 23 27 22 19 25 19 21 34 26 26 28 0 17 34 25 32 20 17 32 25 31 27 17 32 32 29 19 25 23 26 17 27 23 28 29 33 19 24 20 30 28 32
18 24 25 28 17 32 24 22 22 33 28 27 29 26 28 31 26 27 28 18 0 27 30 29 30 21 29 33 30 29 30 28 30 27 18 25 32 33 25 22 31 27 32 24 19 21 24 32 33 32
25 27 19 27 34 19 23 25 28 34 19 20 33 31 30 33 25 21 19 26 19 0 31 26 19 30 29 18 18 19 27 23 17 29 29 20 27 29 19 24 17 28 28 18 19 26 28 19 31 29
30 22 26 33 31 29 29 22 20 18 25 30 27 25 30 28 32 19 28 22 31 24 0 33 17 31 33 27 21 32 19 31 18 21 18 31 28 25 27 26 17 30 32 19 30 17 29 21 19 19
33 24 18 25 23 32 26 22 25 23 32 22 31 29 29 25 20 32 19 21 22 31 25 0 26 28 31 30 23 26 23 28 33 31 25 23 33 25 33 27 28 34 18 32 34 23 21 24 24 33
17 20 32 17 24 25 27 29 23 20 30 21 27 30 32 19 30 31 24 17 18 27 22 25 0 24 25 24 18 31 21 25 24 19 29 24 22 29 28 23 24 17 28 23 34 32 27 23 20 24
21 26 18 26 27 17 25 19 27 23 23 30 24 26 21 24 24 17 31 33 20 32 24 27 31 0 21 33 18 28 23 30 33 22 29 19 32 20 18 25 33 28 29 20 29 31 22 19 29 21
28 22 24 33 28 33 24 24 21 30 19 18 19 24 21 29 27 22 32 30 27 27 19 32 21 25 0 18 32 22 23 33 20 27 26 25 28 25 29 25 30 20 23 20 33 23 22 19 28 17
25 33 31 21 34 31 29 26 20 19 26 32 32 26 33 27 30 19 26 31 27 20 18 26 30 24 31 0 20 18 26 24 29 31 26 30 30 23 22 23 19 19 17 18 33 21 27 29 31 28
28 19 17 17 19 24 32 25 22 26 19 20 17 20 19 28 20 29 25 33 26 18 25 27 18 21 18 33 0 31 22 22 28 25 20 22 22 32 31 22 28 33 26 19 24 23 21 25 23 23
29 18 21 17 33 22 29 27 25 33 21 21 19 30 27 24 18 25 22 30 26 18 21 21 18 25 28 17 24 0 32 31 32 34 30 30 33 30 27 23 27 20 17 29 25 33 23 17 21 21
21 24 18 26 27 26 25 28 23 29 32 25 19 29 24 33 28 18 25 21 26 22 17 28 23 30 32 25 17 27 0 19 18 28 29 30 26 18 28 30 21 29 28 22 24 21 26 26 30 19
19 24 25 20 25 17 32 31 29 29 27 28 21 30 33 31 24 17 32 19 32 26 20 32 24 26 21 32 23 22 31 0 17 30 33 29 27 25 30 17 24 24 24 21 19 20 24 25 29 25
17 32 27 24 21 23 30 24 33 23 20 25 19 31 20 28 32 18 21 29 17 28 17 21 24 24 32 24 26 17 30 28 0 28 27 27 20 23 21 32 26 18 26 29 25 32 29 24 20 30
17 27 18 27 27 19 21 31 25 21 21 23 26 30 28 25 22 22 25 30 21 18 24 28 24 17 23 17 25 26 31 30 27 0 34 29 24 30 20 23 33 24 33 22 29 27 19 23 32 33
21 32 19 21 18 33 28 32 31 24 25 22 24 29 22 22 29 18 25 30 30 17 20 17 26 28 24 28 23 32 27 18 20 23 0 25 29 31 18 19 22 19 26 17 19 21 26 20 31 23
23 24 32 23 22 22 25 28 19 28 27 27 19 23 29 28 33 28 22 23 26 28 21 18 29 31 18 25 22 18 26 27 19 31 19 0 21 29 29 17 30 18 27 27 33 21 18 19 17 23
18 32 30 25 30 23 22 32 23 26 28 18 32 25 30 33 26 19 27 29 20 33 19 20 23 19 19 31 29 31 33 32 29 23 23 28 0 33 26 25 31 22 21 21 18 30 27 18 28 23
22 33 22 30 33 32 30 22 19 27 32 19 31 19 28 23 23 23 22 19 19 21 27 32 31 28 32 19 21 19 27 30 25 28 17 31 27 0 23 32 22 28 24 25 24 23 25 21 17 26
29 19 29 30 33 32 26 23 25 20 20 29 24 23 21 26 17 30 30 18 22 23 26 29 21 18 22 27 32 19 32 27 31 26 25 21 22 32 0 30 21 22 21 18 24 17 23 24 20 21
25 21 21 33 23 25 22 25 31 33 32 22 29 18 23 18 18 29 25 28 23 34 24 21 25 23 31 18 21 33 28 17 27 26 29 32 29 32 25 0 27 27 30 30 33 31 20 19 20 20
19 18 33 30 34 32 22 20 25 19 30 31 21 30 31 32 21 29 19 21 24 19 19 23 30 32 31 29 24 20 19 23 19 31 27 18 25 20 27 26 0 26 28 20 19 27 30 22 30 18
24 17 25 23 31 22 33 33 26 22 19 31 31 17 20 24 30 18 18 33 24 30 19 31 22 19 31 26 25 34 23 20 22 32 26 23 26 27 33 21 32 0 21 19 28 23 26 31 29 18
19 31 27 25 19 20 23 19 18 28 28 20 32 23 25 21 25 20 31 21 29 30 18 22 20 22 21 22 19 17 29 28 32 31 30 21 23 29 25 22 30 25 0 18 26 17 33 23 18 18
22 19 21 32 25 32 30 34 21 19 24 20 29 28 29 27 22 25 24 23 22 28 26 29 17 18 31 25 28 25 22 28 28 26 21 22 31 28 33 20 22 18 17 0 29 28 24 25 20 22
20 26 20 28 26 18 34 29 19 24 24 30 33 18 20 26 19 33 27 17 22 18 25 24 26 27 32 27 30 29 28 28 33 32 25 31 26 33 23 29 26 28 25 23 0 31 27 25 20 29
31 20 32 34 22 24 26 30 29 21 21 17 29 33 32 27 33 19 25 34 23 32 20 26 21 25 26 30 25 30 32 26 22 20 21 19 23 24 33 25 33 31 20 26 19 0 34 23 26 24
29 23 26 25 19 20 19 26 21 33 31 29 25 33 17 30 32 18 33 20 20 32 19 27 30 34 19 30 33 26 21 26 22 21 29 20 21 18 30 32 31 21 29 21 33 24 0 22 23 27
26 19 20 27 29 28 29 18 34 18 32 29 21 26 32 33 33 28 25 20 32 29 19 30 21 19 31 29 20 17 28 25 19 34 28 23 18 33 27 28 30 27 23 18 31 32 21 0 32 24
25 31 32 29 34 19 31 22 25 17 17 25 19 31 31 22 23 32 18 20 17 24 22 22 17 24 19 31 34 27 18 30 21 32 32 33 27 26 34 17 31 21 19 25 17 27 24 33 0 23
27 21 30 20 32 31 18 23 28 19 28 23 34 24 27 33 24 22 26 32 25 22 33 31 28 32 23 23 21 23 23 32 24 17 33 27 26 18 29 33 33 31 26 29 27 32 22 18 25 0
0 30 30 34 19 27 17 24 24 19 18 19 18 32 23 32 29 29 22 33 31 26 28 27 32 21 33 19 20 23 22 32 33 33 30 33 32 32 24 22 21 30 20 22 26 31 19 20 30 18
27 0 27 20 23 19 33 25 29 18 25 32 21 28 26 20 20 18 28 24 24 28 34 22 17 21 22 24 27 19 22 33 18 21 28 25 33 24 31 18 22 27 25 33 29 29 32 31 20 22
22 22 0 28 20 28 31 26 29 19 31 24 31 32 23 32 27 26 19 24 24 17 24 21 27 28 32 30 26 22 22 19 26 19 26 32 30 17 30 27 21 23 21 33 22 17 29 22 27 32
29 22 20 0 28 33 28 19 29 19 22 28 29 33 22 24 33 32 28 23 27 19 23 33 30 21 26 18 34 21 32 33 21 23 33 21 32 28 33 22 31 25 23 19 32 32 24 29 29 27
29 23 29 30 0 29 18 17 23 30 24 20 19 32 19 26 28 31 25 19 29 27 24 32 18 30 17 20 33 27 23 26 23 23 34 31 22 21 17 21 32 20 29 28 21 22 17 28 31 30
31 20 31 19 17 0 21 26 31 29 20 32 24 25 27 28 24 28 28 27 33 23 32 24 17 18 17 25 18 25 31 33 21 18 29 26 30 30 19 24 27 32 19 30 24 27 28 19 22 18
21 33 23 19 24 20 0 27 26 28 26 22 22 19 28 23 29 22 31 23 24 21 32 19 25 31 27 26 22 28 23 29 23 22 21 28 32 27 33 32 32 22 22 25 29 22 33 33 21 19
33 31 22 25 28 17 19 0 27 26 18 18 28 30 28 22 31 26 33 18 18 18 31 21 32 27 18 22 25 21 25 28 26 30 29 24 18 33 21 25 33 31 29 26 30 17 19 17 25 28
18 27 29 29 28 31 18 30 0 32 22 32 33 33 19 25 32 33 32 33 22 22 21 29 21 17 25 31 21 25 31 31 26 26 18 18 25 17 32 31 31 26 17 30 30 24 20 20 25 30
21 18 31 26 18 24 18 33 28 0 28 33 26 24 31 17 26 23 33 19 21 29 33 32 22 29 31 29 19 29 23 18 22 20 27 24 26 18 32 30 28 27 22 34 26 18 27 31 26 29
24 26 21 18 24 25 32 20 26 21 0 30 27 24 30 32 33 28 27 20 18 33 20 32 28 32 29 29 24 31 33 33 27 33 21 25 21 29 31 32 23 33 25 17 26 33 24 30 18 28
23 30 29 28 19 31 23 21 25 29 23 0 28 17 33 26 33 29 33 24 32 22 17 27 30 17 18 29 25 26 27 23 19 26 17 22 29 19 23 18 19 24 31 33 24 17 28 21 24 23
31 23 19 22 21 23 25 25 34 25 28 18 0 20 24 22 29 34 21 32 18 21 27 29 22 28 33 32 25 27 33 31 22 21 25 21 25 21 21 33 32 31 25 25 24 25 31 19 27 29
24 33 29 32 27 17 17 34 25 26 28 25 23 0 23 17 17 28 34 30 18 20 19 32 19 28 29 33 18 21 31 18 23 22 29 33 18 28 31 29 18 28 24 33 33 17 22 26 32 23
32 19 26 31 17 24 29 34 29 27 25 18 22 23 0 25 29 26 27 19 17 18 28 30 17 32 30 30 18 30 25 20 25 18 26 30 25 18 26 28 34 28 30 19 19 32 26 31 21 27
22 23 23 29 24 25 28 30 27 24 19 28 33 23 32 0 30 27 24 30 26 24 27 17 25 24 22 30 26 31 29 31 19 29 26 33 33 30 29 32 32 33 26 22 30 33 32 22 22 22
29 17 21 33 21 20 30 26 29 19 19 17 28 27 21 17 0 32 30 27 24 28 21 28 23 18 30 25 29 28 33 25 25 20 29 27 33 20 19 21 27 24 27 32 19 21 30 24 25 33
25 25 26 34 24 33 28 21 24 33 30 22 32 29 24 18 21 0 33 25 32 24 34 29 23 27 24 23 17 18 32 27 21 31 30 33 19 29 22 21 18 26 27 30 31 25 21 21 27 29
32 27 30 17 27 25 33 29 28 20 18 23 31 19 30 19 25 18 0 28 29 23 24 19 21 32 32 31 32 26 17 17 21 21 32 20 18 30 26 27 32 18 30 24 20 18 27 30 23 28
30 31 17 23 27 21 28 18 22 23 21 17 23 23 25 30 18 27 30 0 20 20 32 32 23 31 33 21 30 33 33 28 17 29 26 25 22 24 31 28 27 17 29 28 19 22 29 23 30 27
17 29 23 21 33 20 24 19 22 19 31 27 31 26 31 28 26 27 31 24 0 25 32 21 31 31 28 22 24 28 30 21 19 20 22 17 21 33 32 33 20 27 26 28 25 20 27 20 24 26
32 32 26 18 26 21 30 26 17 34 18 22 19 33 28 34 27 29 26 33 20 0 22 19 26 25 27 30 23 18 18 26 21 19 21 25 25 20 30 26 24 24 26 31 30 28 18 20 22 20
22 24 29 29 27 31 29 30 31 19 29 21 24 31 18 21 23 28 33 21 26 22 0 27 17 18 28 33 17 31 24 17 27 24 27 23 20 31 27 18 18 24 17 28 27 25 27 20 26 28
33 19 31 29 29 22 25 30 27 25 25 28 20 21 28 24 25 29 31 30 21 33 26 0 29 32 27 25 23 29 34 29 31 18 25 31 23 22 29 31 23 24 34 18 20 26 31 19 18 26
34 23 25 31 20 28 30 24 26 29 20 17 30 23 27 21 19 28 25 31 24 26 32 33 0 27 32 20 23 21 17 20 33 19 26 27 32 17 21 28 22 23 21 33 21 28 22 25 27 22
24 19 22 26 25 23 17 28 32 29 23 25 27 32 27 32 18 21 31 22 31 31 20 19 29 0 32 31 26 31 20 28 25 22 32 32 31 21 27 26 27 18 29 18 22 32 27 33 24 23
21 28 30 18 21 18 28 30 22 20 29 24 30 17 20 22 27 20 21 23 31 29 25 22 30 21 0 32 25 33 27 19 20 23 28 25 29 21 22 22 22 23 22 24 27 21 24 32 31 20
30 23 28 24 29 19 19 18 25 26 25 19 33 29 32 29 33 33 26 17 31 24 17 18 22 29 33 0 33 19 22 24 17 19 31 27 31 24 18 20 27 31 26 32 22 17 22 21 29 27
30 30 22 27 20 23 32 25 26 26 19 20 27 25 20 24 33 33 31 29 25 24 32 24 28 32 27 25 0 23 27 20 23 27 25 31 21 31 26 18 25 23 27 29 23 20 24 20 18 32
21 34 23 23 19 24 20 27 27 31 22 34 17 27 25 33 26 33 18 31 31 34 17 26 23 32 18 27 23 0 18 19 25 28 20 18 19 26 31 18 29 23 21 19 24 30 27 23 29 27
27 21 29 21 29 20 22 19 31 30 31 23 22 19 18 22 19 33 21 25 19 22 33 27 24 22 20 22 31 20 0 31 25 33 20 27 24 29 32 18 28 19 19 24 26 28 34 33 31 32
32 22 20 22 17 23 25 29 33 25 17 21 20 30 27 24 23 31 24 27 28 26 31 20 24 25 21 22 26 26 29 0 31 25 20 31 31 20 22 31 30 23 19 30 32 24 18 30 28 20
29 24 27 23 27 25 25 27 24 25 23 32 23 25 18 33 26 28 31 26 27 31 21 29 29 20 18 30 20 25 30 17 0 28 18 34 17 33 25 17 28 19 22 27 22 27 29 32 33 28
33 22 21 18 23 30 30 27 29 30 25 25 17 20 20 30 24 24 26 27 19 18 18 26 34 19 18 32 29 20 22 20 31 0 30 34 22 28 25 20 30 22 30 33 30 32 21 32 34 18
26 34 32 32 31 25 17 20 19 19 19 33 30 30 28 27 28 25 28 29 21 31 24 32 18 22 28 17 25 31 24 22 30 22 0 23 19 33 32 28 17 27 21 30 17 25 22 31 17 27
33 25 29 29 25 20 33 25 17 25 23 31 33 20 32 25 29 28 19 24 28 20 20 28 34 21 17 26 32 23 21 29 17 33 32 0 18 24 21 19 19 32 24 27 22 20 30 29 25 33
24 29 32 23 23 24 17 31 27 30 24 32 17 26 31 28 21 20 29 19 34 25 17 33 31 25 30 32 31 18 26 22 33 29 31 19 0 31 33 26 21 28 27 30 33 26 30 26 33 20
17 21 17 30 23 32 22 26 26 20 20 32 33 20 22 32 32 26 19 18 28 23 25 33 19 26 33 27 27 33 20 33 21 32 28 18 25 0 18 25 22 24 30 28 24 25 18 19 29 33
28 21 21 17 31 17 23 29 28 28 18 23 21 18 19 23 33 19 27 20 18 24 18 33 28 18 25 33 17 32 24 17 26 22 17 28 23 17 0 30 29 25 29 24 18 29 29 32 18 23
28 32 31 33 27 18 32 31 19 29 29 34 30 22 22 29 18 33 31 24 23 17 19 18 19 28 24 18 32 29 32 22 26 22 31 20 27 32 26 0 19 22 19 30 29 25 22 30 23 33
25 27 24 19 20 27 19 30 31 24 32 31 32 22 31 19 32 21 28 28 26 32 25 17 21 18 32 32 20 25 23 28 22 26 32 28 30 26 27 19 0 17 17 23 32 29 17 32 26 27
28 23 27 23 17 31 20 21 27 29 19 22 29 23 20 25 28 30 21 30 29 24 27 18 20 25 32 29 20 30 30 17 18 20 32 28 24 27 30 33 21 0 19 32 25 32 22 20 22 26
27 30 23 30 25 23 31 33 30 18 18 27 23 21 20 21 29 23 31 17 18 33 22 23 19 28 18 20 34 25 19 30 27 34 20 18 28 27 32 33 27 20 0 27 19 22 22 25 21 21
25 29 21 27 17 30 19 27 27 25 30 32 27 29 26 31 25 33 22 28 28 33 21 17 33 26 26 28 34 32 19 19 27 18 17 21 19 23 28 31 28 26 20 0 27 18 24 25 30 27
31 22 24 27 19 19 28 22 33 26 24 26 32 17 23 31 28 30 25 30 31 29 18 25 17 30 32 25 33 18 28 29 28 22 18 23 18 23 20 32 21 30 33 23 0 30 24 23 31 32
31 26 31 31 23 24 19 31 32 28 19 24 30 18 33 17 24 24 19 22 29 24 24 29 28 31 33 19 27 18 18 28 31 28 28 26 27 17 30 23 29 27 27 23 28 0 20 29 32 19
20 26 21 27 27 27 17 29 30 29 31 26 19 17 26 28 25 32 29 29 22 26 22 30 28 17 20 26 21 17 33 27 31 25 33 17 30 24 33 19 18 32 30 34 29 19 0 32 22 20
25 27 17 29 32 23 25 17 18 33 18 22 25 18 22 26 25 24 33 31 20 20 22 17 22 26 24 18 24 26 28 25 24 23 29 27 17 25 18 20 29 17 31 33 18 33 19 0 20 20
20 26 18 23 21 18 27 28 26 32 29 17 27 20 31 19 30 28 22 28 21 29 28 30 28 26 32 32 17 22 22 26 32 18 31 23 18 30 32 27 22 29 29 20 31 31 20 30 0 32
19 25 33 24 30 18 34 18 22 31 17 17 17 23 22 24 29 32 29 27 31 30 33 33 24 22 22 20 18 31 18 23 18 31 29 33 27 29 23 22 22 31 19 29 19 31 32 33 31 0
0 17 19 21 23 17 30 18 17 28 25 26 32 24 18 29 21 32 33 20 22 19 27 33 17 27 29 25 32 27 26 29 27 22 27 26 24 29 21 30 29 33 19 22 17 21 27 31 33 19
26 0 33 30 18 32 26 28 20 33 26 22 20 24 23 22 19 28 22 34 25 25 31 25 26 31 26 32 18 23 19 28 26 21 26 22 26 31 17 23 33 33 26 27 28 28 23 29 30 18
32 28 0 28 31 26 19 33 29 25 25 30 19 21 24 17 33 23 32 22 30 17 21 30 31 32 28 25 24 32 20 22 29 25 22 32 30 19 26 18 25 30 33 24 17 31 17 23 19 21
25 26 24 0 21 31 27 21 27 20 30 30 25 17 21 25 21 33 31 21 20 25 31 25 30 32 30 24 30 23 22 24 30 28 30 23 24 25 30 23 32 32 31 23 30 20 19 33 33 20
21 32 28 31 0 17 24 17 23 31 30 24 30 18 32 33 23 30 21 28 27 24 29 33 28 29 27 24 23 17 27 25 29 22 27 25 21 21 25 21 27 27 32 22 29 30 18 31 22 25
17 21 28 22 27 0 29 26 23 29 23 20 32 20 24 31 19 29 27 31 22 33 22 33 19 22 33 19 24 25 22 33 19 22 27 26 25 25 22 27 29 28 24 25 18 19 24 27 24 29
28 20 31 27 26 27 0 19 34 34 23 19 22 26 28 25 23 21 22 30 18 21 32 21 28 29 22 20 28 29 20 29 18 26 29 17 31 24 21 22 22 24 27 21 24 29 31 30 17 26
34 33 34 23 19 28 27 0 17 29 31 29 18 17 24 25 30 19 27 29 21 21 22 21 27 20 21 30 33 30 23 31 34 29 28 23 26 22 30 34 31 31 20 23 24 32 28 18 25 21
22 25 24 32 30 31 24 32 0 24 25 17 26 21 29 26 21 19 20 19 26 33 29 30 29 22 24 25 31 30 20 23 31 26 20 26 18 30 31 22 26 18 33 26 31 31 27 24 26 29
21 22 25 22 31 25 28 31 21 0 18 21 24 20 33 21 30 26 22 30 22 28 26 29 32 27 29 27 24 28 31 29 29 17 30 22 29 30 26 24 19 32 18 26 34 28 18 26 18 18
32 26 20 27 17 19 27 21 33 27 0 23 20 23 17 32 17 28 32 25 22 27 22 25 26 18 29 33 29 33 29 19 30 24 26 18 23 33 27 31 23 26 21 30 26 19 25 25 24 31
26 30 27 19 29 26 32 21 27 31 29 0 33 19 31 23 19 18 17 26 17 33 18 20 24 29 24 25 33 23 24 30 22 32 33 28 31 28 22 19 17 30 34 17 33 24 22 27 17 26
29 31 31 26 24 21 22 22 33 27 26 19 0 28 32 33 33 25 24 33 18 27 19 30 24 20 23 18 25 29 21 27 24 30 34 24 29 31 33 21 18 22 21 23 28 32 25 24 20 29
24 19 29 17 28 19 30 33 31 21 29 29 24 0 32 26 23 24 20 31 20 32 19 29 22 18 28 26 28 25 23 31 18 33 22 29 31 33 28 21 22 33 21 27 33 25 18 29 33 31
31 33 24 25 25 28 26 19 21 31 20 29 33 30 0 32 17 20 22 19 31 18 28 33 23 23 23 33 29 28 25 27 21 18 32 31 22 32 26 26 22 24 29 22 21 24 22 26 28 21
33 27 24 23 29 25 31 22 20 20 28 29 21 34 17 0 30 30 28 31 20 27 24 20 20 18 27 25 21 28 34 30 17 18 33 32 22 30 34 30 30 22 19 23 26 23 25 25 21 17
20 23 20 29 18 19 25 25 31 28 18 30 27 20 27 20 0 19 29 23 30 27 18 30 27 23 22 24 18 25 26 18 24 28 24 23 27 24 20 22 17 30 30 26 29 31 21 24 18 25
29 26 28 31 26 24 23 29 17 31 32 31 28 29 21 27 32 0 23 31 28 18 33 21 32 26 26 18 30 29 19 32 22 21 30 25 28 23 21 23 32 25 25 17 17 33 29 21 29 20
18 32 20 26 31 20 30 30 25 25 24 26 30 26 26 20 24 29 0 18 23 18 18 26 23 23 22 32 31 20 34 26 32 24 29 30 30 26 32 25 28 27 29 27 33 25 32 31 17 17
29 17 29 19 20 29 30 33 21 22 25 21 24 28 20 22 17 22 18 0 27 34 20 17 32 30 23 27 19 30 30 23 19 21 20 31 19 26 34 22 33 22 27 17 31 31 33 19 24 25
28 18 24 26 21 31 23 23 21 26 20 28 23 18 33 33 26 22 18 30 0 20 31 19 22 22 26 19 30 25 27 20 27 26 32 26 22 18 33 30 26 26 26 19 17 31 31 27 33 27
25 32 18 33 22 21 26 26 25 25 25 19 18 32 21 33 25 29 19 19 22 0 29 31 17 27 31 30 24 25 31 18 24 19 26 23 19 22 25 26 17 28 25 24 29 19 32 19 17 31
19 26 17 32 23 33 20 31 22 33 18 18 22 31 26 20 20 20 30 30 33 28 0 33 32 23 22 28 24 26 31 20 24 31 27 31 32 31 29 18 26 30 30 24 32 27 19 23 33 19
29 17 25 29 21 29 20 26 31 21 20 30 28 31 32 22 20 19 28 25 26 19 26 0 30 28 33 28 30 34 24 24 17 18 25 20 26 33 33 26 28 23 29 21 28 26 27 22 22 21
24 25 29 22 26 28 30 34 29 25 23 22 25 18 24 31 32 25 26 21 32 20 22 22 0 24 21 21 30 25 20 24 27 18 24 33 27 28 29 28 24 30 24 18 23 24 25 31 28 28
25 26 19 20 33 32 17 33 22 31 33 17 19 17 29 31 20 29 21 28 24 20 22 28 29 0 20 22 26 30 22 28 21 21 19 27 22 34 29 33 19 21 19 19 28 25 21 32 21 24
20 29 27 29 27 25 33 34 21 27 34 31 22 21 23 19 26 22 20 29 25 30 25 21 19 33 0 22 26 32 30 22 25 18 22 27 26 30 33 26 18 24 25 29 30 28 17 25 21 32
29 18 21 28 21 29 26 18 25 24 24 23 30 29 33 34 23 22 23 24 28 31 31 17 29 24 21 0 32 22 26 29 18 24 24 22 26 33 31 20 19 34 33 19 24 20 17 30 24 23
28 25 22 21 33 33 22 25 30 20 29 22 24 25 25 29 26 25 20 21 18 27 23 20 18 30 27 19 0 33 29 27 18 29 21 25 23 31 28 21 33 20 24 34 23 29 18 31 22 33
29 33 30 23 28 34 23 24 32 21 20 29 27 25 33 20 27 29 22 20 20 22 19 21 18 27 22 29 33 0 30 25 25 18 18 32 30 32 23 22 23 28 27 32 26 21 26 32 24 18
23 24 26 29 23 24 33 31 32 26 19 26 26 22 34 24 22 28 30 33 20 30 33 22 24 27 32 27 22 19 0 29 26 18 19 33 20 18 33 17 27 18 32 31 27 24 23 18 31 24
33 32 23 31 19 24 32 25 31 25 33 20 22 29 31 22 24 27 34 19 21 24 23 20 29 29 22 18 22 24 17 0 20 27 27 27 17 19 30 27 23 25 30 23 17 21 33 21 29 17
33 24 25 22 33 23 32 31 31 18 33 18 32 17 22 18 21 32 29 18 31 24 19 24 29 27 19 19 23 22 31 19 0 31 26 33 32 26 23 18 32 23 26 27 19 21 18 32 23 31
23 20 21 18 22 18 29 25 20 23 32 30 29 19 25 18 22 28 32 23 26 20 28 29 28 30 19 34 32 33 17 22 19 0 27 24 26 22 33 25 33 25 30 33 19 17 20 27 21 31
25 21 25 17 21 20 28 34 21 27 23 34 27 27 24 31 22 31 33 20 28 21 31 27 18 21 23 31 21 19 25 19 34 28 0 25 24 25 24 19 27 23 18 31 27 28 18 19 21 19
19 18 20 23 33 28 30 31 21 22 31 31 27 33 31 20 20 29 29 19 30 33 31 27 23 28 24 25 29 30 24 22 18 26 31 0 19 24 26 28 25 25 17 30 34 23 24 25 18 26
21 25 28 23 31 26 19 17 26 33 19 22 28 31 31 28 25 25 21 32 23 28 17 18 18 33 20 31 26 26 31 29 31 19 28 21 0 29 24 22 23 18 30 29 22 20 30 20 25 18
28 28 17 22 20 20 32 25 26 17 18 25 24 17 21 23 29 32 31 22 29 27 22 29 22 34 27 27 23 20 27 23 31 26 32 23 30 0 21 28 23 26 31 20 29 17 18 21 33 28
26 30 17 19 26 32 27 17 21 21 29 20 22 31 28 24 20 31 26 34 23 20 29 32 33 27 28 33 18 18 22 17 33 34 33 19 20 27 0 24 18 23 25 23 27 28 27 31 19 27
22 31 26 28 24 18 28 25 18 25 32 33 31 22 28 18 30 19 34 25 23 23 23 21 21 22 26 19 27 30 23 19 29 30 21 23 18 17 30 0 19 23 18 19 20 28 27 20 31 27
21 33 26 25 27 31 24 28 22 28 32 18 28 18 17 28 17 22 26 31 29 29 33 28 21 26 22 29 29 28 23 27 20 29 18 34 28 26 31 32 0 27 32 28 18 32 27 27 18 24
29 24 32 21 28 19 30 22 25 24 30 25 28 23 30 25 31 22 20 26 31 33 18 26 21 21 18 23 19 18 25 19 25 25 29 33 29 21 21 30 22 0 26 18 22 31 20 22 22 18
20 26 30 30 21 18 22 28 33 33 26 19 21 17 17 18 31 28 25 28 18 32 24 33 27 18 19 23 27 33 20 18 25 25 25 33 29 27 20 21 27 33 0 17 19 34 24 23 21 23
26 22 27 30 23 22 31 34 33 26 34 21 30 29 22 25 20 23 22 28 21 32 31 28 20 28 27 25 29 33 19 31 29 23 19 25 21 28 30 28 32 31 19 0 22 23 29 18 33 25
20 22 19 28 20 29 28 20 23 24 32 26 18 25 23 17 20 26 33 22 22 26 26 17 26 19 33 33 26 20 32 22 20 27 30 28 31 24 28 30 22 19 22 24 0 32 20 34 26 33
25 26 29 33 21 24 19 27 19 28 17 27 23 19 22 20 24 31 19 26 22 23 20 18 17 33 25 25 20 17 31 18 33 27 18 34 24 17 20 32 28 27 18 20 23 0 32 22 22 29
32 27 26 26 22 25 30 31 27 21 25 21 29 23 32 33 30 19 26 19 18 30 29 34 30 26 25 18 24 32 31 23 18 23 19 25 32 18 25 19 21 34 21 27 20 23 0 25 20 31
18 31 33 33 28 26 25 22 21 18 31 22 20 19 24 19 32 25 31 23 28 29 34 32 32 25 22 29 23 21 24 26 19 22 18 25 33 23 19 18 29 21 20 29 32 21 20 0 23 24
33 30 27 23 27 23 17 32 32 32 20 30 33 25 20 17 33 30 32 23 20 25 22 21 32 32 31 27 22 29 23 30 20 28 21 18 33 24 28 25 32 28 30 17 30 19 27 18 0 27
30 17 28 31 33 32 26 29 31 33 23 24 21 33 23 17 21 18 17 26 29 23 31 21 32 31 24 18 25 24 25 34 24 33 20 17 32 25 23 24 28 23 24 30 29 33 29 19 23 0
1353 1359 1298 1299 952 1350 1360 1311 1308 1316 1189 1078 1328 1055 1379 1339 1206 1062 1378 1368 1206 1308 1402 1048 1301 1289 1277 1310 1353 1330 1291 1204 1283 1087 1314 1368 1289 1006 1370 1077 1381 1186 1377 1281 1318 952 1367 1300 1104 1117
56 32 34 49 68 35 77 91 68 17 78 13 82 99 72 17 7 9 56 1 58 69 1 37 87 57 42 39 72 61 32 9 43 17 81 41 26 28 18 38 20 16 40 2 68 95 50 34 38 16
99 22 47 44 4 19 36 66 30 26 50 49 94 73 30 96 73 58 68 33 21 20 82 97 36 85 75 1 67 70 50 80 74 31 29 49 4 92 42 25 94 19 24 86 93 83 30 44 46 19

535616